

2.2074682e+01	3.1187305e+01
4.4149364e+01	3.8796734e+01
6.6224045e+01	4.5673107e+01
8.8298729e+01	3.5907242e+01
1.1037341e+02	2.1160912e+01
1.3244809e+02	2.3220654e+01
1.5452278e+02	2.1863188e+01
1.7659746e+02	1.7595997e+01
1.9867213e+02	1.3551071e+01
2.2074683e+02	1.3036098e+01
2.4282150e+02	1.2665795e+01
2.6489618e+02	1.1241486e+01
2.8697086e+02	1.0691700e+01
3.0904556e+02	9.5480089e+00
3.3112024e+02	1.0850801e+01
3.5319492e+02	9.5638409e+00
3.7526959e+02	8.6996031e+00
3.9734427e+02	8.7705889e+00
4.1941898e+02	8.2193565e+00
4.4149365e+02	8.4176178e+00
4.6356833e+02	6.7877169e+00
4.8564301e+02	6.5506968e+00
5.0771768e+02	6.5515933e+00
5.2979236e+02	7.3139029e+00
5.5186707e+02	3.7789798e+00
5.7394171e+02	3.9212570e+00
5.9601642e+02	4.7544560e+00
6.1809113e+02	3.7013459e+00
6.4016577e+02	4.5455208e+00
6.6224048e+02	4.8344073e+00
6.8431512e+02	4.1234679e+00
7.0638983e+02	3.5233703e+00
7.2846454e+02	4.9100065e+00
7.5053918e+02	2.5279644e+00
7.7261389e+02	2.9096386e+00
7.9468854e+02	3.6321397e+00
8.1676324e+02	1.1353645e+00
8.3883795e+02	2.9415302e+00
8.6091260e+02	6.1834830e-01
8.8298730e+02	1.2726110e+00
9.0506195e+02	2.2443955e+00
9.2713666e+02	1.2662983e+00
9.4921136e+02	8.1915087e-01
9.7128601e+02	1.3316096e+00
9.9336072e+02	2.7237554e+00
1.0154354e+03	-1.5894437e+00
1.0375100e+03	-5.8535786e+00
1.0595847e+03	-1.2176985e+01
1.0816594e+03	-6.0100007e+00
1.1037341e+03	3.4565139e+00
1.1258088e+03	-9.5181453e-01
1.1478834e+03	-7.6552472e+00
1.1699581e+03	2.2333641e+00
1.1920328e+03	-1.9898716e+00
1.2141075e+03	-3.9929199e+00
1.2361823e+03	1.8527394e-02
1.2582568e+03	5.3360362e+00
1.2803315e+03	-3.9305823e+00
1.3024063e+03	1.4241536e+00
1.3244810e+03	-5.3775471e-02
1.3465557e+03	-3.6694527e+00
1.3686302e+03	-1.2922479e-01
1.3907050e+03	-4.3453960e+00
1.4127797e+03	-3.7330930e+00
1.4348544e+03	-2.7347445e+00
1.4569291e+03	-2.1032827e+00
1.4790037e+03	-4.5448337e+00
1.5010784e+03	-9.1014868e-01
1.5231531e+03	-3.8535883e+00
1.5452278e+03	-3.8909588e+00
1.5673025e+03	-1.3830286e+00
1.5893771e+03	-2.2929983e+00
1.6114518e+03	-2.6198850e+00
1.6335265e+03	-1.6984558e+00
1.6556012e+03	-1.5858967e-02
1.6776759e+03	-3.8435538e+00
1.6997505e+03	-7.0801096e+00
1.7218252e+03	-1.0819248e+00
1.7438999e+03	1.1075851e+00
1.7659746e+03	-4.3126984e+00
1.7880493e+03	1.5381957e+00
1.8101239e+03	-5.1383448e+00
1.8321986e+03	-4.3500657e+00
1.8542733e+03	-2.5651312e+00
1.8763480e+03	-9.0976822e-01
1.8984227e+03	-3.4803934e+00
1.9204973e+03	-4.7201753e+00
1.9425720e+03	-1.6307018e+00
1.9646467e+03	-7.7798848e+00
1.9867214e+03	-6.4688845e+00
2.0087961e+03	-7.5667052e+00
2.0308707e+03	-8.9821835e+00
2.0529456e+03	-6.6023302e+00
2.0750200e+03	-4.3562908e+00
2.0970947e+03	-6.0712552e+00
2.1191694e+03	-9.3554109e-01
2.1412441e+03	-2.4473836e+00
2.1633188e+03	-5.9163046e+00
2.1853936e+03	-5.7818122e+00
2.2074683e+03	-3.0918169e+00
2.2295430e+03	-6.9423394e+00
2.2516177e+03	-8.6071682e+00
2.2736924e+03	-1.9712540e+00
2.2957668e+03	-5.5332079e+00
2.3178416e+03	-4.6944437e+00
2.3399163e+03	2.1055586e+00
2.3619910e+03	-1.3408290e+01
2.3840657e+03	-5.8270950e+00
2.4061404e+03	-4.7034492e+00
2.4282151e+03	-1.3956874e+01
2.4502898e+03	-1.0641734e+01
2.4723645e+03	-7.0370255e+00
2.4944392e+03	-5.0252504e+00
2.5165137e+03	-1.1041169e+01
2.5385884e+03	-7.1770716e+00
2.5606631e+03	-1.6233076e+01
2.5827378e+03	-7.2719522e+00
2.6048125e+03	-7.8855944e+00
2.6268872e+03	-6.9795680e+00
2.6489619e+03	-4.5603747e+00
2.6710366e+03	-5.5829544e+00
2.6931113e+03	-3.3516872e+00
2.7151860e+03	-3.9759507e+00
2.7372605e+03	-5.2770762e+00
2.7593352e+03	-2.1141085e+01
2.7814099e+03	-4.4315391e+00
2.8034846e+03	-5.1309905e+00
2.8255593e+03	-4.9939718e+00
2.8476340e+03	-5.7928190e+00
2.8697087e+03	-3.2778926e+00
2.8917834e+03	-2.6368818e+00
2.9138582e+03	-7.0516567e+00
2.9359326e+03	-4.9061532e+00
2.9580073e+03	-6.4882436e+00
2.9800820e+03	-9.5125322e+00
3.0021567e+03	-8.5543770e-01
3.0242314e+03	-4.5298858e+00
3.0463062e+03	-2.7556303e+01
3.0683809e+03	-2.0055798e+01
3.0904556e+03	-9.2741108e+00
3.1125303e+03	-4.4145961e+00
3.1346050e+03	-7.6769624e+00
3.1566794e+03	-8.3997698e+00
3.1787542e+03	-1.2077074e+01
3.2008289e+03	-1.4702100e+01
3.2229036e+03	-8.9930630e+00
3.2449783e+03	-8.9704313e+00
3.2670530e+03	-3.0021572e+00
3.2891277e+03	-5.7712440e+00
3.3112024e+03	-7.2218437e+00
3.3332771e+03	-5.2408514e+00
3.3553518e+03	-5.3484564e+00
3.3774263e+03	-6.9169879e+00
3.3995010e+03	-4.2343531e+00
3.4215757e+03	-4.5149155e+00
3.4436504e+03	-8.3593206e+00
3.4657251e+03	-7.3894625e+00
3.4877998e+03	-8.3868704e+00
3.5098745e+03	-5.4730616e+00
3.5319492e+03	-4.3080182e+00
3.5540239e+03	-6.9918141e+00
3.5760986e+03	-1.6907587e+01
3.5981731e+03	-1.3666503e+01
3.6202478e+03	-5.7507405e+00
3.6423225e+03	-1.3752192e+01
3.6643972e+03	-7.0398979e+00
3.6864719e+03	-3.2126278e+01
3.7085466e+03	-2.1566288e+01
3.7306213e+03	-2.2374249e+00
3.7526960e+03	-1.1087720e+01
3.7747708e+03	-4.9057417e+00
3.7968455e+03	-1.2232515e+01
3.8189199e+03	-8.1638947e+00
3.8409946e+03	-7.8593049e+00
3.8630693e+03	-4.4588060e+00
3.8851440e+03	-5.9985905e+00
3.9072188e+03	-8.5216446e+00
3.9292935e+03	-6.7684374e+00
3.9513682e+03	-6.9849410e+00
3.9734429e+03	-8.9687061e+00
3.9955176e+03	-5.4625983e+00
4.0175923e+03	-8.0813036e+00
4.0396667e+03	-8.7768583e+00
4.0617415e+03	-8.7271366e+00
4.0838162e+03	-1.1171183e+01
4.1058911e+03	-5.9662642e+00
4.1279658e+03	-1.7567499e+01
4.1500400e+03	-9.8567533e+00
4.1721147e+03	-7.3665471e+00
4.1941895e+03	-8.4105997e+00
4.2162642e+03	-1.2001986e+01
4.2383389e+03	-8.2018919e+00
4.2604136e+03	-1.2194549e+01
4.2824883e+03	-9.5938892e+00
4.3045630e+03	-1.5647566e+01
4.3266377e+03	-9.2288227e+00
4.3487124e+03	-6.5590835e+00
4.3707871e+03	-8.3473644e+00
4.3928618e+03	-8.5219355e+00
4.4149365e+03	-1.2527558e+01
4.4370112e+03	-8.0862799e+00
4.4590859e+03	-7.2340922e+00
4.4811606e+03	-9.6994934e+00
4.5032354e+03	-8.4218874e+00
4.5253101e+03	-1.0918221e+01
4.5473848e+03	-8.9790993e+00
4.5694590e+03	-1.0195895e+01
4.5915337e+03	-1.3996540e+01
4.6136084e+03	-6.1371703e+00
4.6356831e+03	-8.4233170e+00
4.6577578e+03	-6.6419005e+00
4.6798325e+03	-9.4880095e+00
4.7019072e+03	-7.9132581e+00
4.7239819e+03	-5.2713742e+00
4.7460566e+03	-4.5693460e+00
4.7681313e+03	-9.4931192e+00
4.7902061e+03	-1.3744272e+01
4.8122808e+03	-6.2847705e+00
4.8343555e+03	-9.6170292e+00
4.8564302e+03	-8.9610910e+00
4.8785049e+03	-1.4507271e+01
4.9005796e+03	-9.6068306e+00
4.9226543e+03	-1.1569604e+01
4.9447290e+03	-1.1388498e+01
4.9668037e+03	-1.0914165e+01
4.9888784e+03	-1.1462805e+01
'''